for node 0
0 8 103 1 104
0 -1 -1 9 134
0 1 140 8 141
0 9 162 -1 -1
0 -1 -1 9 173
0 8 186 -1 -1


for node 1
1 0 104 2 105
1 -1 -1 0 140


for node 2
2 1 105 -1 -1
2 3 170 -1 -1


for node 3
3 4 111 -1 -1
3 -1 -1 2 170


for node 4
4 5 110 3 111


for node 5
5 6 109 4 110
5 6 144 -1 -1


for node 6
6 7 108 5 109
6 7 143 5 144


for node 7
7 14 107 6 108
7 -1 -1 8 117
7 -1 -1 14 127
7 13 133 -1 -1
7 8 142 6 143
7 13 155 -1 -1
7 -1 -1 14 175


for node 8
8 14 102 0 103
8 7 117 12 118
8 0 141 7 142
8 -1 -1 9 152
8 14 185 0 186


for node 9
9 -1 -1 12 113
9 12 132 -1 -1
9 0 134 10 135
9 8 152 -1 -1
9 -1 -1 0 162
9 0 173 10 174
9 -1 -1 10 180


for node 10
10 -1 -1 11 123
10 9 135 15 136
10 11 166 15 167
10 9 174 -1 -1
10 9 180 15 181


for node 11
11 10 123 17 124
11 17 129 -1 -1
11 -1 -1 12 150
11 -1 -1 17 159
11 -1 -1 17 165
11 -1 -1 10 166


for node 12
12 9 113 14 114
12 8 118 17 119
12 17 131 9 132
12 11 150 14 151
12 -1 -1 13 154
12 17 164 -1 -1
12 -1 -1 17 176
12 -1 -1 17 178
12 13 182 17 183


for node 13
13 14 121 19 122
13 -1 -1 7 133
13 14 147 19 148
13 12 154 7 155
13 14 156 19 157
13 -1 -1 12 182


for node 14
14 18 101 8 102
14 17 106 7 107
14 12 114 -1 -1
14 -1 -1 13 121
14 7 127 17 128
14 -1 -1 13 147
14 12 151 -1 -1
14 -1 -1 13 156
14 7 175 -1 -1
14 -1 -1 8 185


for node 15
15 18 116 -1 -1
15 10 136 -1 -1
15 18 146 -1 -1
15 17 158 -1 -1
15 10 167 -1 -1
15 -1 -1 18 171
15 17 179 -1 -1
15 10 181 -1 -1
15 17 184 -1 -1


for node 16


for node 17
17 -1 -1 14 106
17 12 119 22 120
17 11 124 22 125
17 14 128 11 129
17 18 130 12 131
17 -1 -1 15 158
17 11 159 18 160
17 22 163 12 164
17 11 165 -1 -1
17 18 169 -1 -1
17 12 176 22 177
17 12 178 15 179
17 12 183 15 184


for node 18
18 -1 -1 14 101
18 23 112 -1 -1
18 20 115 15 116
18 -1 -1 17 130
18 20 137 22 138
18 -1 -1 20 139
18 21 145 15 146
18 21 153 -1 -1
18 17 160 21 161
18 21 168 17 169
18 15 171 21 172


for node 19
19 13 122 -1 -1
19 13 148 20 149
19 13 157 -1 -1


for node 20
20 -1 -1 18 115
20 -1 -1 18 137
20 18 139 -1 -1
20 19 149 -1 -1


for node 21
21 22 126 -1 -1
21 -1 -1 18 145
21 -1 -1 18 153
21 18 161 -1 -1
21 -1 -1 18 168
21 18 172 -1 -1


for node 22
22 17 120 -1 -1
22 17 125 21 126
22 18 138 -1 -1
22 -1 -1 17 163
22 17 177 -1 -1


for node 23
23 -1 -1 18 112


